[[2.29768, 0.43983, 3.6, 0.0814],
[2.58628, 0.47559, 3.2, 0.09088],
[2.87119, 0.51983, 2.8, 0.10297],
[3.15156, 0.57414, 2.8, 0.10199],
[3.42629, 0.64043, 2.8, 0.10094],
[3.69397, 0.72104, 2.8, 0.09984],
[3.95271, 0.81877, 2.8, 0.09878],
[4.19987, 0.93718, 2.8, 0.09788],
[4.43113, 1.0813, 3.1, 0.0879],
[4.64835, 1.24586, 3.4, 0.08015],
[4.85261, 1.42779, 3.6, 0.07598],
[5.04477, 1.62474, 3.7, 0.07437],
[5.22513, 1.83523, 3.9, 0.07108],
[5.3939, 2.05795, 4.0, 0.06986],
[5.55125, 2.29164, 4.0, 0.07043],
[5.69686, 2.53539, 3.7, 0.07674],
[5.83043, 2.78811, 3.4, 0.08407],
[5.95155, 3.04859, 3.1, 0.09266],
[6.05944, 3.31562, 2.8, 0.10286],
[6.15312, 3.58787, 2.5, 0.11517],
[6.23007, 3.864, 2.2, 0.1303],
[6.28743, 4.14184, 2.0, 0.14185],
[6.32214, 4.41835, 1.7, 0.16393],
[6.33095, 4.68963, 1.7, 0.15966],
[6.31065, 4.95105, 1.7, 0.15424],
[6.25823, 5.19718, 1.7, 0.14803],
[6.17091, 5.42122, 1.7, 0.14144],
[6.04713, 5.61415, 1.7, 0.13483],
[5.88788, 5.76237, 1.6, 0.13597],
[5.70584, 5.8655, 1.6, 0.13076],
[5.51079, 5.93002, 1.6, 0.1284],
[5.30716, 5.95553, 1.6, 0.12826],
[5.09916, 5.94029, 1.6, 0.13035],
[4.89204, 5.87799, 1.6, 0.13518],
[4.69683, 5.75508, 2.2, 0.10485],
[4.51533, 5.59484, 2.5, 0.09685],
[4.34884, 5.40319, 2.8, 0.09067],
[4.19757, 5.18539, 2.6, 0.10199],
[4.06145, 4.94554, 2.4, 0.11491],
[3.93953, 4.68793, 2.2, 0.12955],
[3.80554, 4.4489, 1.9, 0.14422],
[3.65764, 4.23025, 1.9, 0.13893],
[3.49518, 4.03512, 1.9, 0.13363],
[3.3175, 3.86731, 1.9, 0.12863],
[3.12435, 3.73075, 1.9, 0.1245],
[2.91595, 3.62962, 1.9, 0.12192],
[2.69149, 3.57441, 2.2, 0.10507],
[2.45728, 3.55564, 2.5, 0.09398],
[2.21683, 3.56753, 2.8, 0.08598],
[1.97253, 3.60541, 3.0, 0.08241],
[1.72596, 3.66662, 3.0, 0.08468],
[1.47794, 3.70861, 3.0, 0.08385],
[1.22857, 3.73259, 3.0, 0.08351],
[0.978, 3.7388, 3.0, 0.08355],
[0.72628, 3.72274, 3.4, 0.07419],
[0.47402, 3.68821, 3.7, 0.06881],
[0.22169, 3.63782, 3.5, 0.07352],
[-0.03029, 3.57366, 3.1, 0.08388],
[-0.28156, 3.49737, 2.7, 0.09726],
[-0.53162, 3.40937, 2.4, 0.11046],
[-0.76762, 3.31439, 2.4, 0.106],
[-1.0022, 3.23293, 2.4, 0.10347],
[-1.23634, 3.16853, 2.4, 0.10118],
[-1.47093, 3.12458, 2.4, 0.09945],
[-1.70643, 3.10655, 2.4, 0.09841],
[-1.94239, 3.12103, 2.5, 0.09456],
[-2.17768, 3.16446, 2.6, 0.09203],
[-2.41144, 3.23409, 2.5, 0.09756],
[-2.64268, 3.3296, 2.3, 0.10878],
[-2.87014, 3.45142, 1.8, 0.14335],
[-3.09046, 3.6009, 1.8, 0.14791],
[-3.31506, 3.71835, 1.8, 0.14081],
[-3.54405, 3.80477, 1.8, 0.13598],
[-3.77656, 3.85932, 1.8, 0.13268],
[-4.01125, 3.87892, 1.8, 0.13084],
[-4.24367, 3.83953, 1.9, 0.12407],
[-4.46762, 3.75162, 2.2, 0.10935],
[-4.67953, 3.62431, 2.4, 0.10301],
[-4.8772, 3.46488, 2.7, 0.09405],
[-5.05942, 3.27946, 3.0, 0.08666],
[-5.22578, 3.07315, 3.2, 0.08282],
[-5.37641, 2.85017, 3.5, 0.07689],
[-5.51189, 2.61395, 3.7, 0.0736],
[-5.63302, 2.3673, 4.0, 0.0687],
[-5.74076, 2.11247, 4.0, 0.06917],
[-5.83607, 1.8512, 4.0, 0.06953],
[-5.92014, 1.585, 4.0, 0.06979],
[-5.99396, 1.31494, 4.0, 0.06999],
[-6.05808, 1.04175, 4.0, 0.07015],
[-6.11303, 0.76604, 4.0, 0.07028],
[-6.15935, 0.48833, 4.0, 0.07039],
[-6.19758, 0.20907, 4.0, 0.07047],
[-6.22818, -0.07136, 4.0, 0.07052],
[-6.25138, -0.35266, 4.0, 0.07056],
[-6.26702, -0.63458, 3.6, 0.07843],
[-6.27441, -0.91687, 3.2, 0.08825],
[-6.27241, -1.19921, 2.8, 0.10084],
[-6.25958, -1.48113, 2.8, 0.10079],
[-6.23378, -1.76189, 2.8, 0.10069],
[-6.1928, -2.04048, 2.8, 0.10057],
[-6.13267, -2.31517, 2.8, 0.10043],
[-6.04865, -2.58339, 2.8, 0.10038],
[-5.93373, -2.84095, 4.0, 0.07051],
[-5.80487, -3.09313, 4.0, 0.0708],
[-5.66411, -3.34059, 4.0, 0.07118],
[-5.51314, -3.58394, 4.0, 0.07159],
[-5.35315, -3.82358, 4.0, 0.07203],
[-5.18507, -4.05983, 4.0, 0.07249],
[-5.00915, -4.2927, 4.0, 0.07296],
[-4.82566, -4.52206, 3.4, 0.08639],
[-4.63434, -4.74712, 3.0, 0.09846],
[-4.4355, -4.96536, 2.6, 0.11355],
[-4.23219, -5.17152, 2.3, 0.12589],
[-4.02491, -5.36263, 2.3, 0.12258],
[-3.81255, -5.53682, 2.3, 0.11942],
[-3.59366, -5.69044, 2.3, 0.11627],
[-3.36669, -5.81897, 2.3, 0.1134],
[-3.13009, -5.91715, 2.3, 0.11138],
[-2.88191, -5.97767, 2.7, 0.09461],
[-2.62505, -6.00948, 3.0, 0.08628],
[-2.36083, -6.01771, 3.6, 0.07343],
[-2.09044, -6.00739, 4.0, 0.06765],
[-1.81489, -5.98288, 4.0, 0.06916],
[-1.53546, -5.94872, 4.0, 0.07038],
[-1.23896, -5.90699, 4.0, 0.07486],
[-0.94197, -5.86888, 4.0, 0.07486],
[-0.64455, -5.83379, 4.0, 0.07487],
[-0.34679, -5.80124, 4.0, 0.07488],
[-0.04873, -5.77083, 4.0, 0.0749],
[0.24957, -5.74222, 4.0, 0.07492],
[0.54809, -5.7151, 3.7, 0.08101],
[0.84681, -5.68948, 3.2, 0.09369],
[1.14189, -5.66245, 2.8, 0.10583],
[1.43354, -5.6296, 2.4, 0.12229],
[1.71908, -5.58711, 2.1, 0.13747],
[1.99549, -5.53142, 1.8, 0.15665],
[2.25976, -5.45963, 1.8, 0.15214],
[2.50839, -5.36871, 1.8, 0.14707],
[2.73801, -5.25627, 1.8, 0.14204],
[2.94263, -5.11772, 1.8, 0.13729],
[3.11611, -4.94974, 1.8, 0.13415],
[3.24487, -4.74704, 2.0, 0.12007],
[3.33116, -4.52191, 2.1, 0.11481],
[3.37471, -4.28489, 2.2, 0.10954],
[3.37794, -4.04553, 2.1, 0.11399],
[3.34428, -3.81071, 2.1, 0.11296],
[3.2774, -3.58503, 2.1, 0.11209],
[3.17925, -3.37212, 2.1, 0.11164],
[3.05096, -3.17534, 2.1, 0.11186],
[2.89221, -2.99869, 2.1, 0.11309],
[2.69957, -2.84946, 2.6, 0.09372],
[2.48431, -2.72149, 3.0, 0.08348],
[2.25127, -2.61144, 3.3, 0.0781],
[2.00284, -2.51713, 3.8, 0.06993],
[1.74078, -2.43559, 4.0, 0.06861],
[1.46384, -2.36427, 4.0, 0.07149],
[1.17727, -2.30322, 4.0, 0.07325],
[0.88781, -2.2521, 4.0, 0.07348],
[0.59632, -2.20941, 4.0, 0.07365],
[0.30313, -2.1742, 4.0, 0.07382],
[0.0085, -2.14573, 4.0, 0.074],
[-0.28741, -2.12343, 4.0, 0.07419],
[-0.58444, -2.10685, 3.4, 0.0875],
[-0.88254, -2.09608, 2.8, 0.10654],
[-1.18168, -2.09132, 2.3, 0.13008],
[-1.48181, -2.09309, 2.0, 0.15007],
[-1.78264, -2.10263, 1.7, 0.17704],
[-2.07298, -2.09957, 1.4, 0.2074],
[-2.34655, -2.07529, 1.4, 0.19618],
[-2.59746, -2.02399, 1.4, 0.18293],
[-2.82039, -1.94202, 1.4, 0.16966],
[-3.01047, -1.82754, 1.4, 0.1585],
[-3.16087, -1.67842, 1.4, 0.15128],
[-3.24978, -1.48729, 1.5, 0.14053],
[-3.27934, -1.27147, 1.7, 0.12813],
[-3.25254, -1.04925, 1.9, 0.11781],
[-3.17891, -0.83603, 2.0, 0.11279],
[-3.06789, -0.64043, 2.1, 0.1071],
[-2.9278, -0.46583, 2.3, 0.09733],
[-2.76502, -0.31252, 2.4, 0.09317],
[-2.58376, -0.17969, 2.5, 0.08989],
[-2.38553, -0.06764, 2.7, 0.08433],
[-2.17285, 0.02594, 3.0, 0.07745],
[-1.94717, 0.10302, 3.4, 0.07014],
[-1.70981, 0.16582, 3.7, 0.06636],
[-1.46145, 0.21588, 4.0, 0.06334],
[-1.20268, 0.25474, 4.0, 0.06542],
[-0.93401, 0.28385, 4.0, 0.06756],
[-0.65632, 0.30495, 4.0, 0.06962],
[-0.3709, 0.31988, 4.0, 0.07145],
[-0.07881, 0.33002, 4.0, 0.07307],
[0.21845, 0.33683, 4.0, 0.07433],
[0.51858, 0.34196, 4.0, 0.07504],
[0.8187, 0.34894, 4.0, 0.07505],
[1.11785, 0.35854, 4.0, 0.07483],
[1.4157, 0.37156, 4.0, 0.07453],
[1.71189, 0.38885, 4.0, 0.07417],
[2.00603, 0.41129, 4.0, 0.07375]]